
[7, 10, 4, 6, 3]
[7, 4, 10, 6, 3]
[7, 4, 6, 10, 3]
[6, 4, 7, 10, 3]
[10, 4, 7, 6, 3]
[4, 10, 7, 6, 3]
[4, 6, 7, 10, 3]
[4, 6, 7, 10, 3]
[4, 6, 7, 10, 3]
[7, 6, 4, 10, 3]
[7, 4, 6, 10, 3]
[7, 6, 4, 10, 3]
[7, 6, 10, 4, 3]
[7, 6, 4, 10, 3]
[7, 4, 6, 10, 3]
[7, 4, 6, 10, 3]
[4, 7, 6, 10, 3]
[4, 7, 6, 10, 3]
[4, 7, 6, 3, 10]
[4, 7, 6, 3, 10]
[10, 7, 6, 3, 4]
[4, 7, 6, 3, 10]
[4, 7, 6, 10, 3]
[4, 7, 6, 10, 3]
[4, 3, 6, 10, 7]
[4, 3, 6, 7, 10]
[7, 3, 6, 4, 10]
[7, 10, 6, 4, 3]
[7, 10, 6, 3, 4]
[7, 10, 6, 4, 3]
[10, 7, 6, 4, 3]
[10, 7, 3, 4, 6]
[3, 7, 10, 4, 6]
[3, 7, 10, 4, 6]
[3, 10, 7, 4, 6]
[3, 6, 7, 4, 10]
[3, 6, 4, 7, 10]
[3, 10, 4, 7, 6]
[3, 10, 4, 7, 6]
[3, 10, 7, 4, 6]
[4, 10, 7, 3, 6]
[4, 6, 7, 3, 10]
[4, 6, 7, 10, 3]
[10, 6, 7, 4, 3]
[7, 6, 10, 4, 3]
[7, 4, 10, 6, 3]
[7, 6, 10, 4, 3]
[6, 7, 10, 4, 3]
[4, 7, 10, 6, 3]
[4, 6, 10, 7, 3]
[4, 3, 10, 7, 6]
[3, 4, 10, 7, 6]
[3, 4, 6, 7, 10]
[1, 9, 6, 0, 11]
[1, 9, 6, 11, 0]
[1, 9, 6, 0, 11]
[1, 9, 6, 0, 11]
[11, 9, 6, 0, 1]
[11, 9, 6, 1, 0]
[11, 1, 6, 9, 0]
[11, 1, 6, 0, 9]
[11, 9, 6, 0, 1]
[11, 9, 6, 1, 0]
[1, 9, 6, 11, 0]
[1, 11, 6, 9, 0]
[1, 11, 6, 9, 0]
[1, 11, 0, 9, 6]
[11, 1, 0, 9, 6]
[11, 1, 0, 6, 9]
[1, 11, 0, 6, 9]
[1, 9, 0, 6, 11]
[1, 9, 0, 6, 11]
[0, 9, 1, 6, 11]
[1, 9, 0, 6, 11]
[9, 1, 0, 6, 11]
[9, 1, 0, 6, 11]
[9, 11, 0, 6, 1]
[9, 11, 1, 6, 0]
[1, 11, 9, 6, 0]
[1, 11, 9, 6, 0]
[1, 11, 0, 6, 9]
[6, 11, 0, 1, 9]
[6, 9, 0, 1, 11]
[6, 9, 0, 11, 1]
[6, 9, 0, 11, 1]
[6, 9, 0, 1, 11]
[6, 0, 9, 1, 11]
[6, 0, 1, 9, 11]
[0, 6, 1, 9, 11]
[0, 6, 1, 9, 11]
[0, 9, 1, 6, 11]
[0, 6, 1, 9, 11]
[0, 6, 9, 1, 11]
[1, 6, 9, 0, 11]
[11, 6, 9, 0, 1]
[11, 1, 9, 0, 6]
[11, 1, 9, 0, 6]
[0, 1, 9, 11, 6]
[0, 1, 9, 11, 6]
[0, 6, 9, 11, 1]
[0, 6, 9, 11, 1]
[0, 6, 9, 11, 1]
[0, 6, 1, 11, 9]
[0, 6, 11, 1, 9]
[0, 6, 11, 1, 9]
[6, 0, 11, 1, 9]
[6, 9, 11, 1, 0]
[6, 0, 11, 1, 9]
[6, 0, 11, 9, 1]
[0, 6, 11, 9, 1]
[9, 6, 11, 0, 1]
[11, 6, 9, 0, 1]
[0, 6, 9, 11, 1]
[0, 6, 11, 9, 1]
[0, 6, 11, 9, 1]
[0, 6, 11, 9, 1]
[0, 6, 11, 9, 1]
[0, 9, 11, 6, 1]
[0, 9, 11, 6, 1]
[0, 1, 11, 6, 9]
[0, 1, 6, 11, 9]
[0, 9, 6, 11, 1]
[0, 9, 11, 6, 1]
[0, 11, 9, 6, 1]
[0, 11, 1, 6, 9]
[0, 1, 11, 6, 9]
[11, 1, 0, 6, 9]
[11, 1, 6, 0, 9]
[11, 0, 6, 1, 9]
[9, 0, 6, 1, 11]
[9, 0, 6, 1, 11]
[6, 0, 9, 1, 11]
[11, 0, 9, 1, 6]
[11, 0, 9, 1, 6]
[11, 1, 9, 0, 6]
[11, 9, 1, 0, 6]
[11, 9, 1, 0, 6]
[0, 9, 1, 11, 6]
[0, 11, 1, 9, 6]
[0, 11, 1, 9, 6]
[0, 11, 1, 9, 6]
[0, 11, 1, 9, 6]
[0, 11, 6, 9, 1]
[6, 11, 0, 9, 1]
[6, 11, 0, 9, 1]
[11, 6, 0, 9, 1]
[11, 0, 6, 9, 1]
[11, 0, 9, 6, 1]
[11, 0, 1, 6, 9]
[11, 0, 1, 9, 6]
[9, 0, 1, 11, 6]
[9, 0, 1, 11, 6]
[9, 11, 1, 0, 6]
[9, 11, 1, 6, 0]
[9, 11, 0, 6, 1]
[9, 11, 1, 6, 0]
[9, 0, 1, 6, 11]
[1, 0, 9, 6, 11]
[1, 0, 9, 6, 11]
[6, 0, 9, 1, 11]
[1, 0, 9, 6, 11]
[1, 9, 0, 6, 11]
[1, 9, 11, 6, 0]
[11, 9, 1, 6, 0]
[11, 9, 6, 1, 0]
[0, 9, 6, 1, 11]
[11, 9, 6, 1, 0]
[11, 9, 6, 1, 0]
[11, 9, 1, 6, 0]
[0, 9, 1, 6, 11]
[0, 11, 1, 6, 9]
[0, 1, 11, 6, 9]
[0, 6, 11, 1, 9]
[0, 1, 11, 6, 9]
[0, 9, 11, 6, 1]
[0, 9, 11, 1, 6]
[9, 0, 11, 1, 6]
[1, 0, 11, 9, 6]
[11, 0, 1, 9, 6]
[11, 1, 0, 9, 6]
[6, 1, 0, 9, 11]
[6, 1, 0, 9, 11]
[6, 1, 0, 9, 11]
[0, 1, 6, 9, 11]
[9, 0, 11, 9, 11]
[9, 0, 11, 9, 11]
[9, 9, 11, 0, 11]
[9, 9, 11, 11, 0]
[11, 9, 9, 11, 0]
[9, 11, 9, 11, 0]
[9, 11, 9, 0, 11]
[9, 11, 9, 11, 0]
[9, 11, 9, 11, 0]
[9, 11, 9, 0, 11]
[11, 11, 9, 0, 9]
[11, 11, 9, 0, 9]
[11, 9, 11, 0, 9]
[11, 11, 9, 0, 9]
[11, 11, 9, 0, 9]
[11, 9, 11, 0, 9]
[11, 9, 11, 0, 9]
[11, 9, 11, 9, 0]
[11, 9, 11, 9, 0]
[0, 9, 11, 9, 11]
[11, 9, 11, 9, 0]
[11, 11, 9, 9, 0]
[9, 11, 11, 9, 0]
[9, 11, 11, 9, 0]
[9, 11, 0, 9, 11]
[11, 11, 0, 9, 9]
[11, 9, 0, 11, 9]
[11, 9, 0, 11, 9]
[11, 9, 0, 11, 9]
[9, 9, 0, 11, 11]
[9, 9, 0, 11, 11]
[9, 11, 0, 11, 9]
[9, 0, 11, 11, 9]
[9, 0, 9, 11, 11]
[9, 0, 9, 11, 11]
[9, 11, 9, 11, 0]
[9, 0, 9, 11, 11]
[9, 0, 9, 11, 11]
[9, 0, 11, 11, 9]
[9, 9, 11, 11, 0]
[9, 9, 11, 11, 0]
[9, 9, 11, 11, 0]
[11, 9, 9, 11, 0]
[11, 9, 11, 9, 0]
[9, 9, 11, 11, 0]
[9, 9, 11, 0, 11]
[9, 11, 11, 0, 9]
[9, 11, 0, 11, 9]
[9, 9, 0, 11, 11]
[9, 9, 0, 11, 11]
[11, 9, 0, 11, 9]
[11, 9, 0, 11, 9]
[11, 9, 0, 11, 9]
[9, 11, 0, 11, 9]
[9, 11, 11, 0, 9]
[9, 11, 0, 11, 9]
[9, 0, 11, 11, 9]
[9, 0, 11, 11, 9]
[0, 9, 11, 11, 9]
[0, 9, 11, 11, 9]
[0, 9, 11, 11, 9]
[0, 9, 11, 9, 11]
[9, 9, 11, 0, 11]
[9, 9, 11, 0, 11]
[9, 9, 11, 11, 0]
[9, 11, 9, 11, 0]
[9, 9, 11, 11, 0]
[9, 9, 11, 11, 0]
[9, 11, 11, 9, 0]
[9, 11, 11, 9, 0]
[9, 11, 11, 9, 0]
[9, 11, 9, 11, 0]
[9, 11, 9, 11, 0]
[9, 11, 9, 11, 0]
[9, 0, 9, 11, 11]
[11, 0, 9, 9, 11]
[0, 11, 9, 9, 11]
[0, 11, 11, 9, 9]
[0, 11, 11, 9, 9]
[0, 11, 11, 9, 9]
[0, 11, 11, 9, 9]
[0, 11, 9, 9, 11]
[0, 9, 9, 11, 11]